=== Resultados da Avaliacao: Treino ===
F1 Score (Weighted): 0.4925

Matriz de Confusao:
45 0 0 2 0 0 0 0 0 0 2 0 0 0 0 0 0 0 0 0 0 0 0 0 0 0 0 0 1 0 0 0 0 0 3 0 0 0 0 0 0 0 0 0 0 0 0 0 0 0 0 0 3 0 0 1 0 0 0 0 0 0 0 0 0 0 0 0 0 0 1 0 1 0 0
0 56 0 3 0 0 0 0 0 0 0 1 0 0 0 2 0 0 0 0 2 0 0 2 1 0 0 0 0 0 0 0 0 0 0 0 0 0 0 0 0 0 0 1 0 2 0 0 0 0 0 0 0 0 0 0 0 0 0 0 2 0 0 0 0 0 0 4 0 0 0 0 0 0 0
0 0 23 1 0 0 1 0 0 0 0 0 1 0 0 0 2 0 0 0 0 1 0 1 1 1 0 2 7 0 0 0 0 1 0 0 1 0 0 0 0 1 0 0 3 0 0 0 0 3 0 1 0 0 0 0 0 0 0 0 0 0 0 0 1 0 0 2 1 0 0 0 6 1 0
0 0 0 54 0 0 0 0 0 0 0 0 0 0 0 0 5 0 0 0 0 0 0 0 0 0 0 0 0 0 0 0 0 0 0 0 0 0 0 0 0 1 0 0 0 1 0 0 0 0 0 5 0 0 0 0 2 0 3 0 1 0 0 1 0 1 0 1 0 0 0 0 0 1 0
0 0 7 1 35 0 0 0 0 0 0 0 0 5 1 0 0 0 3 0 0 0 0 0 0 0 0 0 0 0 0 0 1 0 4 0 0 0 0 0 1 2 0 0 0 1 0 0 0 0 0 0 0 1 0 0 0 0 0 0 0 1 0 0 0 0 0 0 0 0 0 0 2 0 0
0 0 0 0 0 41 0 0 0 0 0 7 2 0 0 1 0 0 0 0 0 0 0 0 0 0 0 0 1 0 0 1 0 1 1 3 0 0 0 0 2 0 1 1 0 1 1 0 0 0 0 0 1 2 1 1 0 0 0 0 0 1 0 3 0 3 0 0 0 0 0 0 0 0 0
0 0 2 0 0 0 17 0 0 2 0 3 0 0 0 5 0 0 0 0 1 0 0 1 1 1 4 1 0 0 3 0 0 0 0 0 0 11 0 1 0 0 0 1 4 0 0 0 0 1 0 2 0 0 0 0 0 6 3 0 2 0 0 0 0 0 0 3 1 0 0 2 0 1 0
0 0 0 0 0 0 0 62 0 0 0 0 0 0 2 2 1 0 0 0 0 0 0 0 0 0 0 0 1 0 1 0 1 0 0 0 0 0 0 0 0 0 0 0 0 0 0 0 1 0 0 0 0 0 0 0 0 0 0 0 2 1 0 0 0 0 0 1 2 0 0 0 0 0 0
0 0 0 0 1 0 0 0 18 0 0 0 0 4 0 0 0 0 6 0 0 0 0 0 0 0 0 1 0 0 0 0 0 1 3 0 0 0 2 0 0 2 0 0 0 0 0 7 0 2 0 0 9 0 0 0 0 0 0 0 0 0 5 0 0 0 0 0 0 0 0 0 0 1 0
0 0 0 0 0 0 0 0 0 33 0 2 0 0 0 4 0 0 0 0 0 1 0 0 0 1 4 0 5 0 3 0 0 0 0 0 0 0 0 1 0 1 0 0 0 0 0 1 0 0 0 0 0 0 0 1 0 0 1 0 1 0 0 2 0 0 0 0 1 0 0 0 0 0 0
0 0 0 1 0 0 0 1 1 0 45 1 0 0 0 3 0 0 0 0 0 0 0 0 0 0 0 0 5 0 0 0 0 0 0 0 0 0 0 0 0 0 3 0 0 2 0 0 0 0 0 1 1 0 0 1 0 0 3 0 0 1 0 3 0 1 0 0 2 1 3 0 0 0 1
0 2 1 0 0 1 0 0 0 0 0 31 0 0 0 3 1 0 0 0 1 0 0 0 0 0 1 0 3 0 4 1 0 0 0 0 4 0 0 0 2 0 3 2 0 1 0 0 0 0 0 5 0 1 2 1 0 0 2 0 0 0 0 0 0 7 0 2 0 0 0 0 0 0 0
0 0 0 2 0 1 0 1 0 0 1 1 19 0 0 4 0 0 0 0 0 3 0 0 0 2 2 0 2 0 0 1 0 3 0 0 0 0 0 0 0 1 0 3 0 1 2 1 0 1 0 1 0 0 0 0 0 0 8 0 0 0 0 4 0 0 0 0 0 0 0 0 0 0 2
0 0 0 0 0 0 0 0 2 0 0 0 0 42 0 0 0 1 2 3 0 0 0 0 0 0 0 0 0 1 0 0 0 0 4 0 0 0 1 0 0 4 0 0 0 0 0 1 0 0 0 0 9 0 0 0 0 0 0 0 0 0 2 0 0 0 0 0 0 0 0 0 0 2 0
0 0 0 0 0 0 0 2 1 0 0 0 0 0 45 0 3 0 3 1 0 0 0 0 0 0 0 0 0 0 0 0 0 0 0 1 0 0 1 0 0 2 0 2 0 0 0 1 1 0 0 0 0 0 0 0 0 0 0 0 0 0 0 0 0 1 0 0 0 0 0 0 1 0 0
0 0 0 0 0 0 0 0 0 5 0 0 1 0 0 48 0 0 0 0 1 0 0 0 0 0 0 0 1 0 4 0 0 0 0 0 0 0 0 0 0 1 0 2 0 1 0 0 0 1 0 2 0 0 0 0 0 0 1 0 1 0 0 0 1 0 0 0 0 0 0 0 0 0 0
0 0 0 0 0 2 0 0 0 0 0 0 0 0 0 0 54 0 0 0 0 1 0 0 0 0 0 0 1 0 0 0 0 0 1 0 1 0 0 0 2 0 0 0 0 0 0 1 0 0 0 0 0 0 0 1 0 0 1 0 0 0 3 0 0 0 0 0 0 0 0 0 0 1 2
0 0 0 0 0 0 0 0 4 0 0 0 0 2 1 1 0 32 1 13 0 0 0 0 0 0 0 2 0 0 0 0 0 0 0 0 0 0 4 1 0 0 0 0 0 0 0 0 0 0 0 0 1 0 0 0 0 0 0 0 0 0 0 0 7 0 1 0 0 0 0 0 1 0 0
0 0 0 1 4 0 0 0 2 0 0 0 0 1 0 0 0 0 40 0 1 0 0 0 0 1 0 1 0 1 0 0 0 0 1 0 1 0 3 0 0 2 0 0 1 0 0 0 0 0 0 0 1 0 0 0 0 0 0 0 0 0 2 0 0 0 0 0 0 0 0 0 0 1 0
0 0 0 0 0 0 0 0 1 0 0 0 0 0 0 0 0 3 1 37 0 0 0 0 0 0 0 1 0 0 0 0 0 0 0 0 0 0 1 1 0 0 0 0 0 0 0 0 0 2 0 0 0 0 0 0 0 0 0 0 0 0 0 0 11 0 1 0 0 0 0 0 0 1 0
0 1 2 3 0 0 0 0 0 0 0 0 1 0 0 3 4 0 1 0 16 4 0 0 0 1 0 0 4 0 3 0 0 0 0 0 2 1 0 0 2 0 0 1 0 0 0 0 0 4 0 1 0 0 0 3 1 0 0 0 0 0 1 0 0 2 0 0 2 0 0 1 0 0 3
0 0 1 1 0 1 0 0 0 8 0 1 0 0 0 4 2 0 1 0 2 11 0 0 0 0 3 0 7 0 5 0 0 0 0 0 0 0 0 0 0 5 0 0 0 4 0 0 0 3 0 0 0 0 0 2 2 0 3 0 0 1 0 2 0 3 0 2 4 0 0 0 8 0 0
0 0 2 8 0 0 0 0 0 2 0 1 0 0 0 3 1 0 3 0 1 1 10 0 2 0 3 0 5 0 1 0 0 0 10 0 0 0 0 0 0 1 0 5 2 0 3 0 0 2 0 1 2 0 0 1 3 0 0 0 0 0 0 2 0 1 0 0 6 0 0 1 1 1 0
0 0 1 0 0 0 0 0 0 3 0 0 0 0 0 11 0 0 1 0 0 0 2 23 0 0 4 0 1 0 1 0 0 0 0 0 0 0 0 1 0 0 0 8 9 0 0 0 0 4 0 0 0 0 0 0 1 0 0 0 0 0 0 0 1 0 0 3 0 0 0 0 0 0 0
0 0 2 0 0 0 0 0 0 0 0 1 0 0 0 3 6 0 0 1 0 0 0 0 41 1 0 0 0 0 0 0 1 0 0 0 2 0 0 1 1 0 0 1 1 1 1 0 0 1 0 0 0 0 0 0 0 0 0 2 0 1 0 1 1 1 0 0 0 1 0 1 0 0 0
0 2 1 1 1 2 0 0 0 0 0 0 0 0 0 1 2 0 3 0 1 0 0 0 3 20 0 0 2 1 1 1 1 0 0 0 0 0 0 1 0 1 0 0 2 0 0 0 2 1 0 0 0 0 0 0 2 1 1 1 0 0 0 4 0 0 0 4 1 0 0 0 1 0 0
0 1 0 0 0 0 0 0 0 3 0 0 0 0 0 2 0 0 0 0 0 0 0 0 0 0 41 0 2 0 0 0 0 0 0 0 1 2 0 0 0 1 0 1 3 0 0 0 0 0 0 8 0 0 0 0 0 4 3 1 1 0 0 0 0 1 0 3 0 0 0 2 0 0 0
0 2 0 0 0 0 0 0 3 0 0 0 0 0 0 0 1 2 0 1 0 0 0 0 0 0 0 42 0 1 0 0 1 0 0 0 0 0 10 1 0 1 0 0 0 0 0 3 0 0 0 0 5 0 0 0 0 0 0 0 0 0 7 0 0 0 0 0 0 1 0 0 0 2 0
0 1 0 0 0 0 0 0 0 0 0 0 0 0 0 2 0 0 0 0 2 0 0 0 0 0 4 0 54 0 2 0 0 0 1 0 1 0 0 0 0 0 0 0 2 2 0 0 0 0 0 1 0 0 0 0 4 3 1 0 0 0 0 3 0 2 0 1 3 0 0 0 2 0 0
0 0 0 1 2 1 0 0 0 0 0 0 0 1 0 0 4 0 4 0 0 0 0 0 0 2 0 0 0 43 0 0 3 0 2 1 1 0 0 2 1 2 0 0 0 0 0 0 0 0 0 0 2 0 0 0 0 0 0 0 0 1 6 0 0 0 0 0 0 0 0 0 0 1 2
0 0 0 0 0 0 0 0 0 0 1 0 0 0 0 8 0 0 0 0 0 2 0 2 0 0 0 0 1 0 30 0 0 0 0 0 0 0 0 0 0 0 0 4 1 1 0 0 0 1 0 1 0 0 0 1 0 0 2 0 0 0 0 1 0 0 0 0 0 0 0 0 0 0 0
0 0 0 0 1 4 0 0 0 0 0 5 0 0 2 6 2 0 0 0 0 0 0 0 0 1 1 0 1 0 0 26 1 0 0 0 0 0 0 1 2 0 1 2 4 1 0 0 4 0 0 1 0 0 1 0 0 0 1 0 0 0 0 2 0 4 0 1 0 0 0 2 1 0 0
0 1 1 0 3 1 0 0 1 0 0 0 0 0 1 7 3 0 2 0 2 0 0 0 0 0 0 0 1 4 0 0 30 2 1 1 5 0 0 1 0 1 2 2 0 0 0 1 0 0 0 0 0 1 0 1 1 0 0 0 0 0 1 7 0 0 0 0 2 0 0 0 0 2 0
0 0 0 0 0 2 0 0 0 0 2 4 3 0 0 1 0 0 1 0 1 0 0 0 0 0 0 0 1 1 2 2 0 40 0 3 0 0 0 0 1 0 1 0 0 2 0 0 0 0 0 0 0 0 0 0 0 0 1 0 1 0 0 0 0 0 0 0 0 0 0 0 0 1 0
0 0 1 1 1 2 0 0 0 0 0 0 0 0 0 1 2 0 2 0 0 0 0 0 0 0 0 0 0 0 1 0 1 0 42 1 0 0 0 0 2 4 0 0 0 0 1 0 1 0 1 0 4 1 1 1 0 0 1 0 0 2 0 0 0 0 0 0 0 0 0 0 5 0 0
0 0 0 0 1 3 0 0 2 0 2 3 1 0 1 0 3 0 1 0 0 0 0 0 0 1 0 0 1 1 1 1 1 0 0 13 3 0 0 3 0 0 0 3 1 1 0 1 3 0 0 0 0 3 0 0 0 0 0 1 0 1 1 1 0 2 0 0 0 0 0 0 0 2 4
0 0 0 0 1 0 2 0 0 0 5 0 0 0 1 1 1 0 0 0 0 0 0 0 0 0 0 0 5 1 1 1 1 1 0 0 59 0 0 0 0 0 0 3 1 1 2 1 1 1 0 0 0 0 0 0 1 0 0 0 1 0 0 0 0 0 0 0 1 0 0 0 0 1 0
0 0 1 0 0 0 2 0 0 6 0 0 0 0 0 6 0 0 0 0 0 0 0 3 0 0 4 0 0 0 0 0 0 0 0 0 0 48 0 0 0 0 0 0 15 0 0 0 0 3 0 2 0 0 0 0 0 0 2 0 0 0 0 0 1 0 0 2 3 0 0 1 0 0 0
0 0 0 0 1 0 0 0 9 0 0 0 0 5 1 0 0 3 4 1 0 1 0 0 0 0 0 8 0 1 0 0 0 0 1 0 0 0 33 1 0 2 0 0 0 0 0 3 0 0 0 0 1 0 0 0 0 0 0 1 0 0 5 0 0 0 0 0 0 0 0 0 0 0 0
0 0 1 1 0 0 0 0 0 0 0 0 0 0 0 10 0 2 1 1 0 1 2 2 0 0 0 0 0 0 0 0 2 1 0 0 1 0 0 25 0 1 0 2 0 0 0 0 0 1 0 0 0 0 0 2 0 0 0 0 0 0 1 0 0 0 3 0 2 0 0 0 0 3 2
0 0 0 2 0 0 0 0 0 0 0 0 0 0 0 0 1 0 3 0 2 0 0 0 0 1 1 0 0 1 3 0 0 1 3 2 3 0 0 0 32 0 0 0 0 0 1 0 0 0 0 0 1 1 1 0 0 2 1 0 0 4 0 0 0 1 0 1 0 0 0 0 0 0 2
0 0 0 0 2 0 0 0 0 2 0 0 2 0 0 1 1 0 7 0 0 0 0 0 0 0 0 1 0 0 0 0 0 0 0 0 3 0 0 0 0 41 0 0 0 0 1 4 2 0 1 0 3 0 0 1 1 0 0 0 0 0 3 0 0 0 0 0 0 0 0 0 1 0 0
0 0 0 7 0 1 0 0 1 0 0 0 1 0 0 0 0 0 5 0 0 0 0 0 0 0 0 0 2 0 0 0 0 0 1 2 0 0 1 0 1 1 36 0 0 0 0 0 0 0 0 0 0 3 0 0 0 0 0 2 0 2 0 0 0 0 0 0 0 1 0 0 0 0 0
0 0 1 0 0 0 0 0 0 2 0 1 1 0 0 3 0 0 0 0 2 1 0 2 0 1 0 0 4 0 4 0 0 0 1 0 0 0 0 0 0 1 0 50 1 1 0 0 0 0 0 0 0 0 0 0 1 0 9 0 0 0 0 0 0 0 0 0 0 0 0 0 0 0 0
0 0 2 2 0 0 0 0 0 0 0 1 0 0 0 4 1 0 0 0 0 0 0 1 0 1 0 0 2 0 0 0 0 0 0 0 0 0 0 3 1 0 0 1 46 2 0 0 0 0 0 0 0 0 0 0 1 2 0 0 0 0 0 2 0 0 0 4 3 0 0 0 0 1 0
0 0 0 1 0 0 0 0 0 0 0 1 0 0 0 0 0 0 0 0 0 0 0 0 0 0 1 0 0 0 1 0 0 0 0 2 0 0 0 0 1 1 0 1 0 53 0 0 0 0 0 0 0 0 0 1 1 0 7 0 0 0 0 0 0 2 0 0 0 0 0 1 0 0 0
0 0 0 1 0 0 0 1 0 0 0 0 0 0 0 1 7 0 0 0 1 0 0 1 0 0 3 0 2 0 1 0 0 1 1 0 0 0 0 0 0 1 0 0 0 0 27 2 0 1 0 1 0 0 0 1 0 0 4 0 2 1 0 0 0 0 0 1 0 0 0 0 1 0 2
0 0 0 0 0 0 0 0 1 0 0 0 1 0 0 6 0 0 1 2 0 0 0 0 0 0 0 0 1 0 1 0 0 0 0 1 0 0 0 0 0 1 0 0 0 0 0 59 0 0 0 0 1 0 0 0 2 1 1 0 0 0 0 0 0 0 0 0 0 0 0 0 0 0 0
0 0 0 0 2 1 0 0 0 0 0 1 1 0 0 0 6 0 0 0 1 0 0 0 0 0 0 0 0 4 0 2 1 0 0 0 2 0 0 0 0 0 0 0 0 0 0 2 45 0 0 0 0 1 0 0 0 0 0 0 0 0 0 4 0 1 0 0 0 0 0 0 2 1 1
0 0 0 2 0 0 0 0 0 0 0 1 0 0 0 5 0 0 1 0 2 0 0 1 0 0 1 0 6 0 0 0 0 0 0 0 0 1 0 0 0 0 0 1 5 0 0 0 0 27 0 4 0 0 0 0 2 0 1 1 0 0 0 0 0 0 0 1 2 0 0 1 1 0 0
0 1 6 3 10 0 0 0 1 0 0 0 0 1 1 0 1 0 10 0 2 0 1 0 0 0 0 1 4 0 0 0 1 0 2 0 0 0 2 0 0 2 0 0 0 0 0 1 2 0 20 0 0 0 0 3 0 0 0 0 0 0 6 0 2 0 0 0 0 0 0 0 4 1 0
0 0 0 0 0 0 0 0 0 1 0 0 0 0 0 2 0 0 0 0 0 0 0 0 0 0 0 0 1 0 0 0 0 0 0 0 0 0 0 0 0 0 0 2 2 2 0 0 0 1 0 49 0 0 0 0 1 2 1 0 1 0 0 1 0 0 0 7 0 0 0 1 0 0 0
0 0 1 0 0 0 0 0 3 0 0 0 0 0 0 0 0 0 4 0 0 1 2 0 0 0 0 2 0 5 0 0 0 0 3 1 0 0 0 0 0 2 0 0 0 0 0 1 0 0 0 0 46 0 0 0 0 0 0 0 0 0 5 0 0 0 0 0 0 0 0 0 0 0 0
0 0 0 1 0 2 0 0 0 0 2 0 0 0 0 1 0 0 0 0 0 0 0 0 0 0 0 0 0 1 0 0 1 0 1 0 0 0 0 0 2 1 0 0 0 0 0 0 1 0 0 0 0 45 1 0 0 0 0 1 0 5 0 0 0 0 0 0 0 0 1 0 0 0 2
0 0 0 0 0 1 0 0 0 0 1 2 0 0 0 0 0 0 0 0 0 0 0 0 0 0 0 0 0 0 0 0 1 0 0 0 0 0 0 0 2 0 0 0 0 2 0 0 0 0 0 0 0 1 49 0 0 0 3 0 0 1 0 0 0 2 0 0 0 0 0 0 0 0 0
0 0 0 0 2 1 0 0 0 0 0 0 0 0 0 0 0 0 0 0 0 0 1 0 0 0 0 0 0 0 0 3 1 1 6 0 0 0 0 0 2 0 0 0 0 0 0 0 0 0 0 0 0 1 0 26 0 0 2 0 0 1 0 1 0 1 0 0 0 0 0 0 1 0 0
0 0 0 3 0 0 0 0 0 0 0 0 0 0 0 5 0 0 0 0 0 0 0 4 0 1 0 0 11 0 1 0 0 0 0 0 0 0 0 1 0 2 0 7 3 0 0 0 0 1 0 1 0 0 0 2 14 2 4 0 0 0 0 1 0 0 1 2 0 0 0 0 0 0 0
0 0 1 1 0 0 1 0 0 1 0 1 1 0 0 3 0 0 0 0 1 0 0 0 0 0 7 0 1 0 0 1 0 0 1 0 0 1 0 0 0 0 0 0 12 0 0 0 0 0 0 4 0 0 0 1 0 31 2 0 1 0 0 1 0 0 0 5 4 0 0 1 1 0 0
0 0 1 0 0 1 0 0 0 0 0 1 0 0 0 1 0 0 0 0 0 0 0 0 1 0 0 0 2 0 0 1 0 0 0 0 0 0 0 0 0 0 0 0 0 0 0 0 0 0 0 2 0 0 0 0 0 0 48 0 0 0 0 1 0 2 0 0 0 0 0 0 0 0 0
7 2 0 0 0 3 0 0 0 1 2 2 0 0 0 0 0 0 1 0 0 0 0 0 0 0 0 1 0 0 1 0 0 0 0 6 0 0 0 0 2 0 3 1 0 0 0 0 0 0 0 2 1 0 0 1 0 0 2 26 1 7 0 0 0 1 0 0 0 0 0 0 0 0 1
0 1 0 0 0 0 0 0 0 0 0 0 5 0 0 3 2 0 0 0 0 0 0 0 3 3 0 0 0 0 0 0 0 1 0 0 3 0 0 0 0 0 0 1 1 2 1 1 0 0 0 3 0 0 0 1 0 0 1 0 28 0 0 2 0 0 0 1 0 0 0 1 0 1 2
0 0 0 2 0 0 0 0 0 0 0 0 0 0 2 0 0 0 0 0 0 0 0 0 0 0 0 0 0 0 1 0 0 0 0 0 0 0 0 0 4 0 3 1 0 0 1 0 0 0 0 2 1 3 0 4 0 0 4 1 1 43 0 0 0 0 0 0 0 1 0 0 3 0 1
0 0 0 1 0 0 0 0 5 0 0 0 0 0 0 0 1 0 1 0 2 0 0 0 0 0 0 1 0 3 0 0 0 0 0 0 0 0 0 0 0 0 0 0 0 0 0 0 0 1 1 0 1 0 0 0 0 0 0 0 0 1 42 0 0 0 0 0 0 0 0 0 0 5 0
0 0 1 2 0 0 0 1 0 4 2 1 0 0 0 8 0 0 0 0 1 1 0 0 0 0 0 0 7 0 0 0 0 0 0 1 0 0 0 0 0 0 0 0 2 0 0 0 2 1 0 1 0 0 0 0 0 0 0 0 0 1 1 25 0 2 0 1 0 0 0 0 0 0 4
0 1 0 0 0 0 0 0 0 0 0 0 0 0 0 1 0 0 1 5 0 0 0 0 0 0 2 0 0 0 0 0 0 0 0 0 0 0 0 1 0 0 0 0 1 0 0 0 0 3 0 0 0 0 0 0 0 0 0 0 0 0 0 0 50 0 2 1 0 0 0 0 1 1 0
0 0 0 0 0 1 0 0 0 0 1 2 0 0 1 2 1 0 0 0 1 0 0 0 0 0 0 0 1 0 2 1 0 1 0 0 0 0 0 0 9 0 0 1 1 4 0 0 0 0 0 0 0 0 1 0 0 0 3 0 0 1 0 2 0 27 0 0 0 0 0 0 1 5 3
0 0 0 0 0 0 0 0 0 0 0 0 0 0 0 5 0 2 0 29 0 0 1 0 0 0 0 0 0 0 0 0 0 0 0 0 0 0 0 1 0 0 0 0 0 0 0 0 0 0 0 0 0 0 0 0 1 0 0 0 0 0 0 0 16 0 13 0 0 0 0 0 0 1 0
0 0 0 0 0 0 0 0 0 1 0 0 2 0 0 0 0 0 0 0 1 0 0 0 0 1 0 0 3 0 0 2 0 0 0 0 1 0 0 0 0 0 0 1 8 1 0 0 0 0 0 4 0 0 0 0 0 1 0 0 0 0 0 0 0 0 0 47 2 0 0 0 0 0 0
0 0 2 2 1 1 0 0 0 4 0 0 0 0 0 1 1 0 0 0 1 1 0 0 0 0 4 0 3 0 1 0 0 0 2 0 1 1 0 0 0 0 0 0 5 1 0 0 0 0 0 0 0 0 0 0 0 2 1 0 1 0 0 0 0 1 0 4 15 0 0 0 1 0 0
0 0 0 0 0 1 0 0 0 0 1 0 1 0 0 2 5 0 0 0 0 0 0 0 0 0 0 0 0 0 0 0 0 0 0 0 0 0 0 0 1 0 3 0 0 0 2 0 0 3 0 0 0 0 1 0 1 0 0 4 0 1 0 1 0 0 0 0 0 50 0 0 0 0 3
0 0 0 0 0 0 0 1 0 0 4 0 0 0 0 0 0 0 0 0 0 0 0 0 0 0 0 0 0 0 0 0 0 0 0 0 0 0 0 0 0 0 1 0 0 0 0 0 0 0 0 0 0 0 1 0 0 0 0 0 0 2 0 0 0 0 0 0 0 1 49 0 0 0 0
0 0 0 1 0 1 0 0 0 1 0 0 0 0 0 2 0 0 0 0 0 0 0 6 2 4 2 0 0 0 0 0 0 0 0 0 0 2 0 0 0 0 0 0 7 0 0 0 0 6 0 3 0 0 0 0 0 1 1 0 0 0 0 0 0 0 0 9 1 0 0 18 0 1 0
0 0 0 1 0 0 0 0 0 1 0 0 1 0 0 11 0 0 0 1 1 2 2 3 0 0 1 0 2 0 0 0 1 0 3 0 0 0 0 0 0 1 0 8 1 0 0 0 0 1 0 1 1 0 0 0 1 0 1 0 0 0 3 0 0 0 0 0 5 0 0 0 50 0 0
0 0 0 0 0 1 0 0 1 0 0 0 0 0 0 1 1 0 2 0 0 0 0 0 0 1 0 0 0 1 0 0 0 0 0 1 1 0 0 2 0 0 0 0 0 0 0 0 1 1 0 0 0 0 0 0 0 0 0 0 0 2 0 0 0 1 0 0 0 0 0 1 0 56 0
0 0 2 3 0 2 0 1 0 0 0 0 0 0 4 5 2 0 0 0 1 0 0 0 0 0 0 0 5 2 1 1 1 1 0 4 3 0 0 0 1 0 0 1 0 0 0 0 2 0 0 0 0 3 1 0 0 0 4 0 2 1 0 4 0 2 0 0 0 0 0 0 0 1 27
